"id","endonym","exonym","distance","latitude","longitude","wikipedia","image"
"01","Malayan Railways","Malayan Railways",,,,,"UklGRmIPAABXRUJQVlA4WAoAAAAQAAAANAEAYwAAQUxQSH0JAAABoIb/fyFJ+vXs7Oysbd3Onm1zds7GYvZs27Zt2+bibGttm91VSaq6plH/F438k6p5ul9GxAQg2r3+9Svzr6M1fFlAFXn6ykjtlMxRZS4aonSgoEp9ASJ8lqJKPXN7dBJ3SarY3S0jU/eBpMp9FaLa6WePKvfcI1EZMKeFKnhn14hssTpDlXwyEY39nJAq+fAlRHKUoso+NSISVyqq8GXbCLR5QVKl/wHsrx8nqdL3TrSv5ySfKv++1m24PEOVfwq275zMUeUfPmfbkZKqghtadraiqqCC1Ym7JFUH37Wq7kNBVcLtber8i6IqYQCLB8xtoWrhOIu2XJulamE4wp5GJ6SqYRbWjlZURfzFmisVVRGzh1nS5kVB1cSVsLPDt5KqidmH7eg52aeqorOLFQ3LMlRdTCZs2DmZo+pi+CIsPEpQtTHVaME5iqqOotZY4h5F1cf3YbruI0nVR+cIU93+UlSF9NobGjCvhaqRE2F2y7U5qkaKZjMjnJCqkn43I6dIqlL+ApO3SmqdM2nbg/Jd61XZbtJWdZaB2tckRVw9fU/RG6+O9FmRPnVkpA9tMtmZr+O3kqKdcxpRefec4lO0/fnDUHkPX56laMtxHVF575IKKdry4RpU3kcLinYojkEFfqmkaLes2AKVd+IeRdFW//RG5d3uY0nRlq+1ReXd/W+Poi3PhM1tRo4cOfKIpqampn122GGHHbZtaGho6FHOgAbexPYjyz24qfw9dyh/m4ZyNwDQubt274aSvTVqunMOaijdiWPg/IAinV23K6zeXbnCTSaTKWf9+vVJN5lMprKnlHFi2mX06EosFa7rukIpkSzXdd315bqumyxXqOA/oM5NB0EQuLpCKZX+QOPitGsy3Iphq7U5inR6zhDY/XCO9OXQUs2SOMVd2NWlCLZcDxzhEP/48nq4ZHQ1GJ2QIp2h//+099aCZcS4AiWbJXHKp4BX8lFwtwA+I4PflPd6YCT/FMfdXrSsDs4CMFwyhK+UaJbEqV4E6iVFcTXQwTPxU1nbKzKa2pej/ZpWw+sD4HKfwT22WLMkTvVODTDGjUL+WWC0a+L3chKTQjOylgNjRGvxPwD8R4x+ryLNkji9D2sA/EZRTI0AviWT/5RzsktmPwbvP2Hr4F0EoKvPMQ+FzZI4vYm1AAZ6kVB16OIZmVxG5ySZdY9j2tZrHdRgAM2CIf9owVhJnP7P7QDghnQkxgGnCCMzynjCN+R3ZsKrQaswHQA+J8bUgQDGSuL0f69H4TKKojge+J2Mzim1kSTDv4G7h9saBFcDqFUcfkdgrCTOYFInFO7mRMLviV6emYWlfsob8s5jw6WyFRDDATSmOCYDYyVxZqZ3RtFX85GYBJynzCwtcZQgw2oQX+2CVmA+ADydZ8jejrGSOFvm9UDReklRTF8JTCKzK4u1W0Gm58Bgo4y9llsKVhJjao+xkjhzS/qieLMTCbEx+itDa4vdLk1lbjWBr7Jx524GYHOXwztZEmduWX+U/J0iuRy43DeULDJYkWl3GyMNKu6WA8C1AYskzvyqQSg5UEUi9ygwiwy7RSZkja1LGMH9Xrxl7y2YSowZjzjDNcNQ+lrSzjKEwvWCIEiXmaV90CBNqYJGQbp5rfzzMNthbby52wHo5XPwhus3hsHbAgZnVPfiHVHuTYGpNIDaBaQb+FqpEYZwgoy1NQkAJ0tbnC1gMLGKGL16cC4i0xkAlwmtXF5L1ZlK/B/GWO5xAPiaLHV3gMl9HY6J4NxU2NBHkK4ISfszGN9OxZizK4B2niVyTxh9L88gmlnuzphL4M1AJ+M4Wu4Yc3gziK9kAsBBKTvkvjDaSRGj341lBWn7WkHdTpJ03W9CLb+rBX1EbOVfAICXQivUwTB7uuT4FZw7OlpSaPmdpoU64mxJ2n/CxitFXKX2LVhHNqojYHgKMaqzWB7NanmBlrrUJc3874c7Wv5FVrRdGleiFsC2jg2yGYY3Uiz9OBLrSHu6nlSkK4d9EmrJoVagScZT+CYA3NZigTwZpu9v4ZgKzj0crczNa7WUryOvaO+R9gJY+kMulpyDCmaTee9amK5ZR4zBlSwv5LWc7eZoaYdTa45ztbJ32TJcxZKqAzDAsyD3hbEDHQ7RwNHGIe1k4g9TcnNMJG1nB1vwiBdHHwPA2coCkrubGhdyLATn/im9t/CpIXU7Ovt6yYQ1nZMx5BxV8BPZGE5NmOnqEWPmDpZ3Qi3nKDxjaGEdTnS1wpdg76kifrwOADr4VpA8ysz5isPdmqNOkLbfGTfmjcjdgJ9J2znAosT0MHYmAsCRjh20rK2R2cS5BpxHOHp/A+f4JrzHge6+ntfOIuyg4kaMLngr5BCCQZ5vYgvBkXuC5TPSTl8OHOeaWNUROEvqjYfV77fEjN8FQI1DnF6KgVKdDTye4XD24Ojg6YmNgX2TBlQTgL9JW4y1q6+MmR8AYBeeKVdJBv8+vtoUsbThGO3qrQawZYoveANAH0/P624XrpexIk8uuDfLEVzTUTCQGsx2hMMRvgHOb0k7fA5AP8G3vjuAi5Tev7C8bnmseD0KFhGn2Az3+AyZd9i+IU7nII4unl7qAABtAzZ5NABMJe30pbbhcBEnfwDAEMWyGuipGEhux9TTY1F1HKcIPa8eANJcmS8AYLCnJ4dZh5/y8aHOKbjI48g/DeD5FobwV6bLeb4A52+k/wMKV3M5fQuu8vUWwf5NVXx4/Qv+JM5UI4DBHgO5+/MsIE53JEcvT887p8hsJnEyCueQdvbeCOApPzYmA0Ann0XVAcCHOQaaX8Oxg2DxOnOcq/Tk0CK/8uR+QuFwpefsFIUuqbhIX1ow0mUZj8LNFIc4meP5HMtP4JxE+otQ9CMeOazILYFeKhEFnCVjQg4p+Ig45QlF8H3IQOs66NUJ4pSnc/RXermHij3Joi5G0cWkHb6GSNbMCONhFgC0ESxer2K7Sg7vBr2RLovXm+NyXy+1V7Hr8wzhtJoimwk95+BoYDcZC8G1BXulWKag5CQOkn20fiXW/8E5i/RlbbGzfAa5OYrek9Hz6iOCjzNxIDcueDTHEVxT6jDB0fK8zgCPxb+Eo0EyjEPxYxw9dQuKryT9rxDVgTIOFqJwOXGKTUsl5nOQ3Ejjep9FDuO4KdCTJ5bYO6kVzm9bbEdHT54UGdySCUynzWfuKNiIXE2plFIrUOaJmbRmlojoQ435mTRjMBOcMzNp7WzvEpvn0rotO6D4fbm0dqaXMQBWUDggvgUAADAlAJ0BKjUBZAA+kUCdSyWjoyGjsgsosBIJZG7jQ0pmmQ/9LqDXY/yg9pWqfzj8W/z3h5UY+r/tn/M/qf4ze+T/GewDzAP0z/4P966y3mA/bL9lfeR/sf7Ae4v+5eoB/Rf9F1gvoAftJ6ZP7jfBp/XP+V6RH/z9gDXWH0wsYDPlQPcq9SXoqSFPu6DxR1PdoPIIDXHtBt4Sg3AV8UCVIj1qKPvG7+KScriVlFxfjv4mid896owXcI1MRL3bVuoCPQABFUsqt5YbFVD1sNw8QHSyyyyyyyyyO5RphMUcxVBf9+Ndh2Ge+220YpWLlw3as169arOch5v5O4QWoPpELdGI3UQr0uScvixTxb4qRP+Xu3yitksuziS3idktdGnzGsU8W+LfFZn85RCVpk5fFincAAD+/K0YfqXFt1tV4Q4PWYNA8k0E242ZlDfjP63neHBDQqq0XkxbiDgR7taoQyw8CNBb1X8btLBRtQm23EQmiGLo1+TCBEw8C+ba5nkghfkarX93E8zwnpHgIxAiQCiCe/G36WE1fC8O1cijEgzlmsL3uPJ7CH2nuEQ0epLbZNZlW0IZZO70fkxtl/xf32oLfX4de9s9g2suF9cFptDiBg4SvJudeU82SIYbJmUzS4/5Y3qpuZ2HHppaziAboQslgfp984S8KF8RXhH0Ps8T68LJ6Gk33zay6gzb8vrHpifin6hNJZZU4iFyHNCFO+acZf2A17V5xtczZ3tDk78+r81Sr4wlJIuWkgfIUL+QpeLGJ3/thgbZdTT6Ca24e+RglLzeqACsAA2ACVN1TZWg1dLFFZLKtH9mRm2udDW58RzceEz5Fj6UzSv0e/LiIfza0f7KIrzPV0fRIqONmTsd0Kr19iZKYd3rl8funAj4GLw1b6ahDtrjxSD+wrNObseCR7DVSfBxAi3MCHwD2Id20pibdJpHNDJ+YtVOMAaNGH69sjGPExGeZHObvQ+Uv/+X3UyEQauGZmAfbFxlUhj/YGE7ggf7jxCru5xb8F37rlbQj8pWy/iq1LiDMExgfsw2MRfRzM8Lee/NaC2UXkgqk4Mtwr+Ogzx8GCt5FFx5ZjxmfJIFxUPNAWduqG2r/mZf+lbUoSfSTKdayhv4vHVM5PbeAA0s3zjTBbXBjJp60qXO/mIxxdvS84FSADh0KMinrPg8cGJ6u8mnDo4/qaDpix/wR0YpN4Il8iVj0RVwVS34cbPZBbHTzX5Fe6zNbHNJDI3UXSsq7ptAQ77BqNGwK864G9H49AOyiYlHWocbfc+3hS99/W438WBemQ96EPe4ICOXjfesrl19Wj0nPKb+DMokEhfRr1EuK2cIWfeND2T4c0+dHGaFtaNTyjhw4NG2VA4/TlFrkPN533U40aGOmJ4jJDAG9bbUv3uFtjUrnxe2P1SXyOYWnqaUckCWqn6XeHiREgtMM6C+uJUl//QJAAABqY+RqfQi7ugzDWVLyCD9xqMjsF16/jNTIRodAvbEogcKTE1D1RFtTeKw1RCKAlB+jVGp6kkSEsy1pcMXANUUhauX/JxhsPvQc5176K7qhB83D3/MKH8R4TgG4vigtnxJ+R3WBo57MCxGGhS5BflPgUr2f8jDi1sPh6Py9oR/4/oBhfE5Jm22tD46Db3JtHlsd3Ook5IWtluzRsgtf+nzj//uvd1koAQQBqMrRMt//lG+QrNsQhYu3T0r0mEkr+Jf49XMR+pkAB4XJ8rG2m/w5vNm5Pl9j86+53gnOE7Tn2EWUp4v/CjcdEUw611IWQ/N84xU181fiC2hqc9kCfInE5XtodLH4dUtI7CQgISLgs6QBHCYrMiUb/zAzoszYgWqsL27xTaVeDgxQmGX8cXswrEglL34iCnMdHiC//VE7P0+P7GbM0FPr2GRQj9LMtvCBJXdtMEAtmojt23FqeiXywVvaqwsmfV5MOjTF+vsWIFMG0xIEN27uAAAAA=="
"02","SMRT Trains","SMRT Trains",,,,,"UklGRoAJAABXRUJQVlA4WAoAAAAQAAAAfQAAYwAAQUxQSDQFAAABoAQAkCFJisbY9tq2bdu2bdu2bdu2bdv2bqviMFORmVH7j4gJAJ4BhZuNXHP6zpNPNtenFw/Ob5nYvmwc/CXjGs297kKRz9d2yW4yusSdT2go89ncilbj8mxyDhV8NSzGmOJGv0dFHesLGk/ImN+o8v4cxuIz+Bsqrq1PZSCF7yFD+xh3gwicqyHPa7kMochrZOvsa2Jn6mxHzjuCmPltQuYPM7EKv4Cyv/+WhV8KMUpyF4V/OziqSaE4PwDwiEiVt8WME9+E4e9KbNK+RMFXh2azANmUY9QtQehowCTxcxT6cVIaEJ5mxAch6KjIIuwOinze1hOk+nR8JAJ/FWTgewEFfuzkAdItzd8LwM8Z1VuLdG1ZOCgZNNVJw/uBqnVF+qsSoGzuezTcbFIrr412IAoU9ttAw15KBTxH8kQzKG3q7yQ5sqg0B6nO9qB8VRsFL1jVKaxRXA2BYbk/FOyljOddJLqaAMuKfyi/kqnSDandgWltjYArFQn4QFkMbMdQtKxqjEDiaXc+lr0E3KlE2A/C9xQgN1XN7r0ljtUImFuFfkhsAVLzHka1VypgfUY4apLS34GK2yLl1UT9zswgcziqP0jeQcIskNkUGT43yYpw6rMnlpH0GwfMK6st6p8HEs1HkOUEWfsJaWT0QZ6PJAU59J0AiVlsTDCznIqov4kEj2vItYOcMfrsgRImItvVco7rOwTiC7r4vJDi9ktfT3EBT5H4+sh+hQNlxKL+wuKWIbGHBQyyOCFaWE0kTgHDrK/vV3CQ2OQDbITz7gDgm4xpkoSCDl64cOGJPlW/JAMIXuVApoMTMG1CrnUB3E8g1z3mBPoh15kAMAm5PguF+Is6uVzzAiincbHng/gjXyHT72kAYt8j17YQv9sx5NoAwHoCua6CBKcg13kAMAa5XvdJoBZyveENUMbF5XtaiD/VVy4/0gFEvkamWk2I3+cGcm0MYD6IXCdCgiuR6wwAGI5cT7kn0B6Zfu5mAijhotg/if1C+Pnp06eH0ZBgoRI8C3kBQOQb1H+rqBXEpiXUB6O0HET9L0JBdClCMaMIX436tZIgvA8hSkaxhwo/dSBxMog/oO8JyAzVkO1NL3H+Nn0rpMBdNn8yg/iaqL+tnMVseoDE7YSMcppwOWyWEO3Q984sJ8TB43MikDgA9c8Dyft51AOJPm8JJWW1YbEBZHZH/R+ssiLsDO4HyfB/Q5gH0teq9yIpyJyIxMzyCip3LinITGsnHAUFr6h1v7M7yHQ7i8TqKjSlfCiaXWYESB6BxAdWFax3CbjZBGxLOCn1QMlaFBzAJtl7JF41q2G6QHFVYhJyB6llQdHCGgH/lGcRdBGpu0DZeRS0VWQQeA6p3xKpE/CSgrbqyiW6juS2oHBlEmojLGple4nkIyaVYBYJ8XC4So1+IvltLCjtcZaGT8ooE7kZ6c5ioHjcexri9kRKmBp9QIG9QPmifwTg995+8spfRJHLTepBdacAxM9joqVYqpxGodvdgGMrTQSibXlFT1HJBjxDsce9gGd3TQgifl9XPxnJp/DQKyj6VCBwbeYQ9P8vR6d2aFChQMbsBUo2GrLsogPF7/YBvhV/iVN3lRtwLvCKmTbCDLzD9rP6WhXYW8dqfM4nBSPMf5vJ7yHuYIyeQ2wcTqQF48y4XblHDc1gqHkOKfW+tycYbvEtTlXudPAFQ04y5p0Czu2lTWDYlgJTX0hxnugcCQZvztVt4yshtpMTqgTCXzJJuQ6Tt164/+KT9vvjw2vHlgysl8sTeAJWUDggJgQAADAZAJ0BKn4AZAA+kTyZR6WjoqEvc5uQsBIJbA7t0sAYICAAPwA/EDVAPwA/AC1/8oC/APwAtq2x/vHZIUk7j+WX4zfM1W369+JuF9Rd2e/xvRL/dPYp5gH6afrR1lPMB+vv7Re+T6Pf7p6gH89/0HWAegB+4Hpo/uD8FX7jftT7Rv//6wDqf+EH4AU36aR+YzkpiMFM9juTUDLaVKHNYrM0JJqNKky8nG8rEJEfe1vM74/rr0qcezpezx0RQuXBiXHX/R0FhVkIBbjIyXCjsF8wAAD+zXLaXlIdpdc62xml8STPpB+/Sfn849yrCXXwWb6eD/kzLnPWOKVyG1BxzSXFJmua5gxM7/65uDKRJDk+6uo+8aapyMP5u285aKD+5YDHb2m6ZkTmBOU1f+MyB/3aMWgExfEqAazMJ6SZXrSn8jjGsnFHQQ6kOJc39akffUeY2jCQ5/ep2O1pYmkehdetf7hZWrlzjK5AfLiUfuj0GplD83S/a31coq/YnMlNKLgqNsEUkv+0cyngC4YjfTWSU758f//Y/BwFElt7uKGLLq+TGGi0j5MHf50lfAArACJIc5NhrH98WVgsNbSpv72ReG/Fq6acoKIvk5PbdYgOiNSUxasAfRBIZGKf+18AlpCar5v0/M9+rnSQLl5GHkYvq/rk0X9KLkDYD660TZXgMnocWr5rO6mUp6gNo/IWr79y5z+atNes///9Uixq3uMrsVZkWrkYsDLisUnL3+Ls11MAjN6eFsQQJLeGgfKh+GlzfNGGGMS2Kpe354uh/16iQShUYLcVzGxtL7AOFatinX/VrH04bRkhwi1PYlsI+fIvVwW3oG5YQ6AyFrF+Iwtpf38FORa8bnk5YR7AA0BkkwmCkTPhRaG+efkXB7TdOATfTJzU/yD3rJJspDudTkPDvYHCeL8ZxEakF4u86dqS5e0h2az63hZWrWNuT/UbUVEqiW4mgerOb1+vp1rbWbX5yG+4kh0ZqSxMEmRycseaORsRNv7UvgbEwjVy1J8WamE/pjOkznHSB+bdsK/0DMP//+3Zx8R70bX9xhDVekQEiJAth0OHoJYUvju+gb/Bbh/+JmTncwWRCh3M73flVZVXFpxAsOZnTmJL9CDv11iEk2Lb8W60E2Hv0/8FIQzT0UFPxev6Kcksuh6jHVnGGUaTCIuloSOS/zWLAozbaNH72pJCA78tgJaS4WGK61AAs4+qpEOhJ5xVvewW/4iWDXh3/QtQbPNHexfJsDxwBFMD7l9b/zx9M5ghQNbpGeVuWI8GXSUbRr+CI+UfOzXONeTUYifu/4As5PgeJJntVMAAYT//qEKMmTQ0nnAATv+W1sIbOcyXtcJ0C0XubcxXLH1FzonBr8iv/L+P9WXv/1ZP0XMlJb0nnKksQ5SdD/4k3lBsAAAAAA=="
"03","SBS Transit","SBS Transit",,,,,"UklGRpodAABXRUJQVlA4WAoAAAAQAAAArgEAYwAAQUxQSMcRAAAB8Ift//qm/f/dkwpSKsGLU9ylGwy34i4tE2Bo2QuXbcVdijtbcYcVdynuElwmNIMixVO8luT+R/O83R95Fni1bzmOiJgA+mS75Sj+TdMf+o0KXxARuTPq/BWL5ZE1ZQIz81ur9V9LtNl8Pipqb2TkmoiI2eGjw/qGfh/cJKhqYPGA7CY3Shs3+Fdp85+xi7afvvuGU7vN+uAv85Hdf0TMGTeoa5s6FQr6pi15VAoZsfLkv4n8Kbc/vXlo7ayhnRuVzJAGRDXXxPPn0/EwamzWtB4ir1a/3ftM2C7Pa5eZ0obztJ125NknLTZqTs8qWSiNOXu9PtP/OBf7SUl4eHZj+E9NS2eitOyMxRv2HL9o8/FbT5JTRdJLy+VjmxeO7dO2ZglfSmvPWqJG4+Beg8dMj9i4K+q0+bblidVq07Ba/7VcNh+J2hq5LGJm+KgBXdsFBRbLlYnSJf386P+x9TIVDKj8dVDT4E6hof8JSzkqPOWciJRzwp2GhYX1CQ39Lji4aVDQN4GBJQICcplMnmlinnkrBbXvMXTi/DW7Tt6IscZzKn9vjbFcuRR1IHJdxLzw0WG9O7UJCiyR1zftJ0OxBl1HzN1w/PZL/ky+efy3+fC2pVOHdm1ZvUR2QxpK1mrdp/1xLpY/844Xf53ZMX94l/qlMqZleLeZHPWCvzQdD48vDUyrMDQ56OAvz+hJhSkNs+REyxeF49qUypTWafhm6rUvhOcbu/pTGmm+nmsfft4ct5d1K0lprAFd5p589zmy/x05spmJ0miNJb+feTTu8/Hy1KLQql6U9msK7BIeedv2KbOaI8NDg/wpbTlD2ZYDZm259OxTknDv1KbZgzt+baI07Uyl6nf6Ze6mU3++0F2i9bnlrtl8OGpr5IrxvVtUzEVp7W65yuwQ3Q3XHBH2c2ho5+DgxkH1AgOLBeQyZaR0wRui8ZS+mc0uqpum4Fe7fXCv0NDvm1T2/sTkChkUNjU8fMLgH2tm11t7lsZnTDsoPvxkMoMPd/QtJmoRFRUVddTs3OL8+eM7R5f2q+zukqKTzA5Gn67vmk1PC0RR9EXusS8qKuqi2fnUT0TgGhvLzV3csQXswmfzA5V9FWln+ceI4vq5KRrxZdaA4a6fhDzbWa0tP3bWFcy8u4gS33l2VttNNzkcom++zOZCDv9PwfdxrHgXwW7vXcTxXRTUesyK4zLrJpilbz2+zO5CZkr9hnEOVt0cK8Mud3QTdUpg1QtItwtFu+mLvDTDEyW1gpy2DA4ODs6sE8NiVh7jhnV2HceXFvxoZ+Vl9XNbNOTLLAyrLvCzMfjOXScTWf0YwufqgCOxljZWfpp0m9Mhqvhldgp65SZox+hB0mdLh7rkvIITekj2QwrGsfrO+glh6Uvjl1nFQLQECRdBY/ThE8u449DoNlUDm/aLfMO8g3DjW8zWsfuAkeHrkyTcDNnFuGN/76rZTP7V+h908KtM+lkg2kL/df4NNdDHr4zfCCRNn8EPmwpKMH6LnFZ7LRkEVGA8tj5pl1g2i/R7VdTnv468jCZn0YV7DHbJl1Bvo+A7wVpn1EMyAViOvSpOsFE/3jZRST245S2UyQU5K9ZvElS3ZAb9GU2mzK4xlAgZHBYWNrj9Vz466wpdJF02ZdhWjlw5QzBYI9MHwSQtzw9Yf0qlDVkaS7CbCXZz5tX/eDLzS4OSjK1mn/3Azh0PT8zvkEtJjkA0s4ZXyMo/E5g55uBAL1WVI56xtv3Wso4mSafQ0NDQzsFOK0rWQnP1MRU7Ti49KqirQTcFQ7SqMW5KLeNEa7EOjCZ7O+nxlFPuJIXV1r9l+a3xZWRzGEz0dpJjhpXBmK+V1DnE4uS99aGcDkZ7CgyxUAd9nMA2uMQQhzn8tO4KWmoNxuzG1HJI1B1bDJ0jIvLZzs5/kTU7w6rNXTIIriPHiIgMA+IYjysl89/KSr+FvmW4iKASw/76uIeddklRxqNJ+7Ugl9YMjIukErfXokLYX9AUIsp9hTWrSQrvYVeOxHI4kGFElCuKxadEDZ6x0lhPaAn0gITDoWjS52ssObcrQgSbtbI7sOukvUwwPJVUZKmF4DwMNyTyvcaaHz0FXd6xS2tjwYxWIip9jxVWF7RJYLXjCLZAqyXHoVU6eYfxbFdMEwzXasl4P2CJ4Jlv6ugrWop1hhK9yPM0ax8jOMtadm18Ruw35KmBij1hlaOwVjZWm+APFWC4m8ArAeqlkweC5CouOCRoqjUPe2MCpgl4ZepYL/oeWwmdIlrI4EQo9zWG4/ZMC5u0Iwk6QvjfyFoKeMRKt0BF4xh+cDzq2J9JKVYS3B0rJGjFcCmdnBPwgwB1LwW5NUyvsIEE9pXwmFRxX5QHuw9NoAYOpBESEM3onS4eRESZP0CjsHyMdjJFs9pd0FFGdxWjlJnrTIx2lMPWQTGkaTDlKxJYMxJK7h3qtGdwyiYNAssG5PRQsUzC9wupKsT4Y3JuWMnwVXektohHpoI8LL1NcDGG6/nEMGjzBcrHMuiY5UFO2zJcE+uMOHLtZKcPriUJtiH1GP3DnbQNZQl/BK1IkfOnNZfesU7f3r98cMWYzjVzA91FHFNYUTvBHmfeyxl+XJzQjB9FPFJ/IaIFWCgUn3Exo5dJu8RzBhODSXMN9N4TW4lcHsgpr9ckKvQEW4AcRD7kIuWlGe5CRIalnBpjt7d15m8TcXReNZMEE1PkGxjD8PX8hO+U8WDdzRa1wzZBx8rZNZ5sjtgxVivPfQYdIaTpYYUOER6DrH2XYntGIqIpWAhgSkYuk/p+WEFKWfegTXev1rfzdEa7ZHwnh5J9AqUbfEjYVIEjVG/nJPbskOEZNGY3O73S0kio51lGZ5J2I4aHY0UZfc7MvMedUv6I+QNBjN5zwTYomjRz9zsWr59HWwdXcSewkl3GV/1UPHPVv21JfkrG9h/0lSFBcpngcgwP45T20e6EL2b0iiewAquG9YJS3vYmp32guwT2gLiGMuMraKkWEXlWH5joqtc39yzoXdNE4vkK+GRGWT527d0+GUlhyXgZJzXRVVWWzsAGQR/2pYjvSMIWjNoqkXbG19A7D2yjJKECOV8ILUc6YNe9VAUy/D1EVITh908sFstNs9l8ZOvymaP6dWpWxodUZ76lgCONolaucETWMZLavgr4bWU9DRQ1w3ZCFhszJzYkYbYn0O8Etmd4H8GGp5Iw0jwFdUW+wvhQRkW/YnkFvbDKpOOAFwp4tmicK5hvjsuvhn5XwE8K62iDJNkHcnsN2ZnZ0YmkEYzG5UC2Yr9iZVl4x1PDNxkqgnjFY7zbU80B6G8SboDi3PREtRMVcC/JbtcwJ6/Lr8TjqAK+nkE//0rOEFyFxTNJWs4GDSEwVxJWBesvaUiarRh9TPAeAW9xV+H5Hvpd8hjaRvr+wa7gXVHBY1cxv/9JBfldUsDTdJOTpROx4aIbGUX7GX2WGRnG8Bt3bLvgBGnPhTZiTSS82U1BLYY7Ckox3F9n1M0u4zNGKDfjby0pHzsw5jkGBWS6pMBeTS+tRfWxQ5L4kiStzHAYgcZobA/BblZBNeAm1AczXJDwcoNsHOTILeiDldUb9bDJOARqJphATnP2eIDxBBXke0HGp/QyRRKfCfL8IJlI4k3QRxPSiPGh2FeMHyLtnA6oHEblkyS8zCA6Cd0h4WbomUF39G2S7AY0WtDeGVG265jtKxVkuizjajo5KjlCcF0WPvQS5U+GVhC6WRCI/SpoDHzLqNUooF9EPEuSOQFaJDA8gzZSKmyTJOLKyHZBUS0qbYd4pxLyM8sW6cPtjWQUNl7yHYl/ZbgqkjsJi3PDDmA3DUAEtJPEv4l4pqAxwx0E5RkOTQ30rV00FYnB3hkBOoEl+Sqh7DdET/RRnqXVsdOCW0bZdeieAZnM+E6CPd9jvQi8C/0i89gh4s7YNMiRUzAQK5YqaIAoCsjB+BlCd2BcSw3lvi9hf12ESt55QF6JghASl2J4FoHeVsFgrBbD77yBAgxXlZHnXtGjzJAZuknCHdAjSqULJU+AxoLF0C5BR0VU9r2kvi6WS/YS3JTxO0bZAKwGMpSFFbGx2BICu0EfPBVQpmMS/hHxs0HzBUYrtDq1ZLoviAOGC3pDUYLOqmispJEurkt+xqYLOpF8G/TeHcjwUPDKiB3HqiBroMOk1PuCZD/SluG2gkCGu6YWChVYgS2CqpBF0EGZ91tBkB48EyWVscvYEw+Z8RV0jMD+LNxGcKYE6Cahj6Cxasj3suCdEVgA2bMLfsYKphqvj1gMcA+zZ0E8bYI6ymilIFAPFVn4yghltWMTSV6E4SmA91NJf6whwyOQEgzXU0Q5/8S4CHAHukrCvVA0pd4T2EktkwP7m9AaLMyjrqcgux5+lGwluB3DtoIKmmGtgaksLYdNwYohfaCkzKqowCusmlYuBzRH4P4GWpKKNmILtBowHgn9JnhA6ttiD0iPkyX9sIXYTlI4BCupVShe8tyAnYcuEboZOkvqh2HVtX5guJXgG4a/S0VHsRCtXwSjkBKJgtUuGICt1sVqSWnsNtZMRQSWT8P9FEs3E+ydDP2MGF5A4S7wToRKay2HbCbBcMiRWz9GUd54KNlPa5OgJeB7g4X1AB+J0Yx11MURwVMD5O+AnrurOIAV1pjMzBwH9cVaMByAVGS4hQvoBpRN6x5kJuEh6Dbpd+y6YphhM8PbSPsfQQGtbKdYGG3Qqv5ySBZsCMMvMuniL8F6gn9geCGpNGPfOxvoYGb7Oqg0Nhu6SehQyJ7VFX8j90gzgOGZAs/30AL9ZHnJ9s3VDVpeqxmvr+XjwF6Rc/fvHrO0A2nvZrZOKq7lMd6BhZMunwl6YsuxGkouYlczE5HHFAcz84KDyFMDdg2aAu2BrhHqVlhQjNHftXphzQW1GG6nnyGc8kFEz28CTIWqD7jP+HGDVh3G/w0dEjY2fOaGJyzeT9rlHZzy9tLerWrV6jjsLuOvsuvjtSAAuwc9MCjZh/Gpmv6dr3PKO/4JyCaCs9mhaoj7G2gB1DNpkT9iPAJV0doI2fwEYyB7dt1keOREdXIF0h4iUP+yMLCBXfof0mc8FkNwAMPTSOk8ARhfsQOjvbFgRp+7IdUYDkGyxDK//62+m7Maxxj9gzQNT6ALJDwGXSHd9mKXjiZwnT4+1iXtIjaX7HbTSTK2AuuBfaWmoyLHd7QKKoEthlYROhLzR8ax0+f7FowKX3uP4Tf5tcoyPE2QMR6aqRu3f1yy0YDc0cW7IAIj2JVXspBOX2OdsA1QrEFN5vdqhpLbCySW8L+gH6Aj0D8E5nnvTGVSY9IeiDUR1Ge4uW6+Y1fu8iQwi10PV8sSmCfBFdf8Sa8PsLyQ4Qm0jBSvVDKKqAaj67E8jDr8kYwfoeXIMlae3JnAnVCyt2AilOyjm8sucEx3I7QWu/7jOE9Cw9iF671Jt7egPwkuw3BbVQXeyJL7ElE41AvrDN0ktD7DXYFyNmVvmxDoFgedJeFp6Bzptsx+ZVfqED7AZR/m5SPc2P2xqj9bk44PQouw/lCityoKsUti6xAR3YKKYiugOdAkLADo8U7VmSKEVmF4siBzIjRFP0RBBx0qzJ2MJFzlmqTjvXxJ7jUwWoW5mzvpeTHUAdsOHST1XRMh+1ITEVEAow8Jvwe1gM5CsYT6Dbio4mmokeDhWENBY4Yb6omo5Iy7guiFVUh+Q2CzWq0PLJa/zWbz/t/CGnqRYmOzZc+w69OqkM6HIvbskNFiRfu4gKpe1UrcWI6c9nqDrMEKWK3WhxaLxfKX2XzJG/E8bzb/bbFYLDFWq3UFRERF+u15AyUf/ikzCaOgRC9BOJTopS8iKtltYdTNZ9Zntw4v7l2UlNYJDAwsGRBQyGQyeZKejeW6zt54wmw+sGZCSB7SfwPkKqVOY/uDsfHPbizplIOkfiaTyeSFpVpDQNsRs1Zs37Fp7sA6WUheIAAtQMIKQWh1+i/R2wbMSiVp7teAFukjk7WSfdJHqmmdo/RRQ7TG5HQSGqURlF6S66OThEzpJbTQyTFKN83zPsWY9BMalaJmOor7eeYPnukoVOQd76d01Y72X9NXaEBgGgIAVlA4IKwLAADQOQCdASqvAWQAPpE+m0kloyKhKjGsQLASCWZu2UuiBpRsTcwXP4k94B+AH6Z/zPoJbD/y0P9J/Ga6Ib+/Vf1Lt6J3du/t37uezlVH77/YP7p+uvty64OvPPL50/Q/ti/sn4tfAD9PewB40X6O+4f90fUB/NP8j+0PvJ/4r9pvcv/afUA/rP/L9OD2AvQJ/l3/M9Or2Q/7N/7PS1///sAf//1AOo/64/2H8F/kd7R2YpsfqsoQKle1z7431KA/S6iLzfyqcQdG90/23hOwyq3nx3A7pI+8JKnDQ+3ffxcr6uMqRc0evrwRPw/2FPe1f47uGZQE6FLfG6KGBR+TtdVRv9XdXi569CDiBdlrDNQPPLYtcT2A5mllguwY/cLM/HOdPM32nA3f5D7Wkvz8Mf1PevledLQpDIvemxZkxrZQta/tAAZSk1aEr8vOAqBtV90ue6XHu2VIqWM4jJRV/uxLlLdgD2uBYwvuc+iBUO2TMAK/5V8wBWH5cGiI8g9hcLzUXIaeUP8qbALLh+DpneTCSR0ERlzSrsEPAQpXZJyIlsAt9UkabKxuUE2M9g+iED4lN5AtcWxjVqrPqjSLP4L4HedCJu+/jMptN7ahwnfZgvzKbTf032AA/t4CNDa5wAdv1BwPHyT11DfttzIJAvpHswfV2t2JNKXW38JjfgojMKFXSw1PMz+AVLqMqaYBTEaPI6f6tjVG00oZW1fmnL8OpR/HtY6Q7YAuXMVqdY3JPbr+qS7PeJ094ukSkWtqR0h62wSLpIM/hL7BAJeaKyfFliFfJwOuCjIbMkaut1DdGHpIRU8AbmYWabY/3pPpda/XP6BNrtimLhCPxfJXB+louAA2BukFOY4Tq3tSQ0zSBIAAUV9ck4yb+ju47oWRVZhI1zuzHoxJbEXVQSvJVXmq3FtJwPx2eQBoYGCD8mJ+pJHKy9MfDxTBAkbn31m/vddylvnI9kDA9lEGZQt9yvZ50tT0pAjQWGi4jJOxiLNqZs7RmcpWjWye+wuKoTl5XDhviSVxKZfvcYqZVALuQ44YcZzcemyrkbkOx9B3eJFwPpuVuEltlZfjOWf2jKLZOMB7SVU2TRnlcED1OgJSHhIGTUFSIF0hrQNzwcI71f1l1XswSuUs5lWyDwIQFWI+ZY1I9bnCmKZjVOw5gdbMmABBSPVZ/qELbUL2izdtqxkm7y76nynYvPtRQmH61+wS+/FP9uNXbQfizNLKHvntVJN3KIkk4UFBuLqYsTJ7dJ4a2AsiDlSfkXGVVAtHp99ARnWf5OZhP0wKu7H1yhiXmO5mtp3yeoaqNIPj92ibqg1wZN3ckWY/3AEHaGHxpB2L5kBP/y+t2fCItPiQ7/++aqj55PMPIrZ/KA83aund2VM8NhTqIMut53YGoxodYyftYn92B08c7rwF//AKXZskJGMjzc940Foxzm5TuHDOJvQadI8VKqzX9skwhuy8l21pdW8SPWnByqjr+GDYQb9k/+P/EcGIwDL/zZy4urkZ0Cj0QevWmvUs/iTKcyVe3sVd3K6uz3utvzPmPXBj/LgZu+A4RrXLvMycH0hg/SFMcouVoJpgB3wBLeNPJ7K+n8287qBZWxRTbcuipHFwzqPDERmOU6wtxrLIDAjFET1c89uboYapfjrE+Xit/6KYKzqB0BwmjTj+zq4D7EkTU6eyN3VVMyJKoXdhV6attS0Lu23ZkN9BmggU4ry7TGCXJI++ku1+JY9NLD3KqDtAjiugqXX23914LIjjLjFIh3l/M7YYI0QPop2OSELtomktODxMzXcH1ptvf3KbUJPaBpHbvxbPBARYkbTjZKIBNvFHMl+AIHb8BQRjmAH4v73ciQapnotIA9+W3V0XupTeMrjNLNVBbXfCu/f88iMco0Td1+U+iC7AOEvz8O0Erw5fJmfooTWKb+4o29R5GDBQCV1B9pMOzLZ8aP7///hxpqOPBu4l7J7s+/jGexFscTfSoHwCf14hro6pXhT4TutQvfUsXlkurt3nlhRpYH19OOsJv8ptS5d/jqe7pZKBte0soe974plN0n+bIGdlXRObnPtOHLSN1ibepM/3uYozfzLVu7f17RoTFT8FTfVhPi8EQaTXWjqs+lOGm8r8xp5xFiQFoPlh5H3rJfK8pajurb3FSNHbVjjLXntsWev2FWz+paROHjTNsfzgF3QiDTXXwmoD3MRFONzeB9vTKi79k/OgjZIBb7yu2RIh91418gMjxkJ3fy5Sdb1cp11BEzw5MvSxkQ0IGFG7h/7khrtq5jHjnG6uu0BEdx2U2HF9P3xas7XKRTr12byd9qMv9jtNLVfYK60JJPXL7PGAey6mXT5EK+57KAclfoNP9On5quB5QFYZCdupgzDfwkVRReAfwY58dSHc3k0lHv8lQZ/QxHlreyKiaI7r9bDN44t2kIFycjV78+1sFYUD9XzOTVSyK3Y7A17fwlui5ALH3nSq92hOTqXsa2PubvjUl6VN+JnDuA86CGdge5pKnmS7Ld+fMLJf0hx3Lxtx+kYnD6LrU9SvwhbSiGgOy0dgjN1161KomEOnQOLA/Z8IDEDiJJBFlngf9I9RISKaOR00hOzpAMFTwmcc2iweqxkLENUsA4mHn9NH2Ly78Rih+dhbH89SvRoswdoZQlLY71dVVuZRgc1qMqirfF+m5XCb4qPzb79PBLhI/gEK79pPjj5uRZipc59di+K2EaJXFFn3If9buJHRdRcmVMWkHPAqAwaiuvO29WNG9XOFTDRhtbGNjuan56rerqWgnpIBEWMw6Tq2h1thPH/WizeBDqaylWx+HrqX9E4eK3ZNPjolXLEe77pmJ2s/WIWENebU42E1D+1ukwlvXp8MgT//i3j/TCipYcD3IPji99Q1VmvjC4noMdQ3Id04nrXBB1jvxdglWwm2bH/SFqQatEyq563Ww2MmItyacX1t1t1bbx3FlaBFZfA48jBzffIrEnhLoCIwqRqcJFhVf1e7QkJuKGSxpGxWDMtduWcucn7DjUIzj7pzP5Qhi0Q30Axiw8FYCWfJJL0HBjueVLWs1e8B7IWPgJNPZafofWetNjwQeuzbaslY+/epbEA7BueQjomZbYcQrNQG6qAwSn+M2R+VICpUmx22FCy5OF2xV0T4pcJVlpsc3IyA3n1duD6Ii6ziFnQv/wWZlvwNcGSGVAKRyo6b0A9rSjPE3pnGhLXbLsllvUdyqR/09d6BgZpV38Uw0IxKNBGlrzDjRlaBYdE8TCVzMHaM6akgBbPcYTGVEGtiszfroh4qOReLL7+W9cm6B/s9YjKjwlkE3YobDx8ACkr6tn/vaZ9yYLYWlhIZc3FhQBea76TBwrw/PnTYSdiTASBfLVYApUbAo/Il7tndrYOmoi45A9gvq0vC7cGxTioFim03KAL0nQtCXcLVoQLk9asTENU4ovOBwiCT5NqwqACA/wXlBfe2VmqdvkDDUSDHvEFSX35w8Xt95Wwhyn6qPZXPVeaA8686ep//icdB8Q1dvTuJzTJZUYAAXdYlCkG1taWFjANhWy4elN3XRMu/hP/JpzPxaQr8rqZefiCpL78nzFw9dYPXBwIUvg2ZJJpSbpre+gmhoiUkcTzQhyCR+ALG+jSwMxzmGUhXmcO8zi52Dv7qieI/bqCLDurpWaG7P+LZu/vXhwEQ9QTAwgVHEyi1oFShGgtjBDttTiswXXwNXWRkzwNXWRkwYp2N7gSsIRg19GEuFmjroLZMSU84/Ac7X+c5S4Z+18aWXhgbj27a1zNMYeJsRQbWo3Mj0bQqTvzjUQ91bXucc3RU/2hOioAaSMaIAFiGKEaGk2TJTWwkfat+q6ZI4W/1xzElveOSiklViTka+WvkrgAig40bgCZ19B8Sfs/ZHS8Ya+By/RECIMNqVomlhdbkuwp1gJM+nux2gZyk80peAQ9BCZgZiV8dLwAGkQABfc/F3NRVVu5s0Yp6KVJaUYZTPJv56IwAATmoAAAAAAA="
"04","Sentosa Development Corporation","Sentosa Development Corporation",,,,,"UklGRh4VAABXRUJQVlA4WAoAAAAQAAAAOgEAYwAAQUxQSEoOAAAB8Idtuyq1/f89e4/PwGBBIxA3SPJKiELcGnd3d2vjrlXiVqc0oY27u7uWuECECO7DMPb8MWutvUYir9frLRExAfD//v8/mPoFCZ9n1BV6rb2+7HOMV9PZB1+ZEdfBZ9h+eUhc+ykhqLRatfxDMBo/MTSVey74fd/JU4f+XjWhRUmFmxv1aRE0ZF+yGekFT/4aVPJziW7gVTNKtdxfFi58DgmNLUSuLxaH8lEGRjRu16Njwwp6J9CUrt+2e/sGYWrnUgVGNG7fo0vL2mGejlCXiGzRtXvbhpX9ZI7wLNugTfcuzasHyN1XxZPI/XY/jSR99Ow991MKTBZzfvKFFe2KSZE379unT58+fXv4A4AsfPrhpByTxZSbuHdcaQkjKKs56KNn77mfUmCymI1ZSefW9CwlcFFFzjjwNNNotpjy397aPL66mo9/h1XnX+aaLObC1H82Dy5lF9q7j33fRqKdR+cB/fr38fdorAEQo0q5RshRdGDBOj1b0MhT2chsuDK5OJv2hJWYHQVQJuYVMtoeTPenVPwmJuYY5VaM/XQ9LWjEyWxkNz9aESmTJEZtTkX297t6+korOe16IbJa7s8MAuhlshJ3y+z0Q2fd+HpCSFjCQIDIZ11cQrUaHWlbq2HR9r9qQcm2m4N0TKeQmBcNrW+hRNvx2qQvzCj5SQhJ2++KBTm+XVFWgvfc9yjdeKaXB5t20C2UbDsbDb2tSNxLANBtLgNQ7uT+ivpf7nR1iVbZDJln18+ePP+Xc6kM+/2BsWxsIXIt/KMMj6gOySj9UQtC60JpD0hlfjcg5ztdZCz+sRbkatheW2AI/bUQeSZ+0dMixeuvCgAVNoxaM3NeTHdXUG9Dav6vUZ5g71lj+jUL4U5lYKx3GblfrictZ8Zz5Pk02jF1LyH/zKlqmv43G/J+NVSkVD+NnB+vMvH50WftocBve7hC9RRK1igVMAaNf4iIb1sAY/QDdODDRpJMqcj3cilHRN1HRxYu1JDEL03IamUzDKPUuInc822c1KUi4DuXGGkj2X6QA3vFWGPBCIGh2j/IWPji2vlLj3JYMKG6FP4rFACtjdIehQBE3EV2W5GZDQu/khPCXyA148iy0QPGfXf4LcXyrQqIpc8ju7XIxkBniK8AUH6jFgC+6+4CwhokZ9UBqdqJ81RADziK9OQN7Uv7eOpD6s+8bqHhsUAutvdXD+w9npDNkloPoOnL1NRciiHV/kIQBBxGRuuzv6b3btd55MqLeQyY0clOWIZk87YoLdhrwqfdttlt8wGiZzwyWh/HTe7ervfMncm8FPU8ATxryQGgWkkXkG+lvCorCQQ50GVLrRTTlloyoAZ9mUyzLZVLs14eH+GtVmkDor59RcONcvCsGhG+iPJXhH15hWyxleHW2DJyIPq0jM+j4e0wACh2k2Td4AWMJeYkI14pB0RhQhHDrTGhMrBXRixN5uPqih2UnChpzPVTkFz0nR6YmyVQMDVaUv7XQUAVIs/QksqB/QjKGiDXe49Uw5pQYFX3fkTD7+UAdbNJD0OBWYg6ndgQyFWeI7VwXRgwCvWOuSH5Fgr+oXeAKg7J1jU6kBidSMHNagmFM5TAWvE6xdKPMIqylqSMRWrel2qQGHmd9qYGQA8rKV7GBlCinkCSr0JqwWwNsIf8bXM7wgqaaXMdNbc6aZQLQSB5UAElo4GETTpg75xPwjUCl8hUinmBAiTXfUrB70UYieQtkhirJlPMi1UgNfiw24EBFgpiyr65Xar5KzgIS5Fs6AHStdso+IPIlFYXJHqcoBzR8BAWI3WfN3AcZKDcLw5DKEkRvITZSN3nDdL/leR2Sj9hQERT6p2dS/vVCVGz+VyhnPPmAC1yKTeLMe1VS4GZlDt+PLwvUTIaAU/dLkpRF+hgIuHJBko+Xucp6Q2BozDT6m7EmRYmojXr0eHl/aqoaXUyKXNFnvoTlNxophkgubWR9DSIR2QmZZuKC3QuJGGMUOUtBVP+Hh0dqpMWmUGJV/KAsCfuBvy2SiNa3uzu708abCPZzsT9yTHuIQXHsVi6SquRQQnmMdBKMg8AvgF3KMfUml00RMx7fmrjhJblvUSWoTaSqQdwFTe6HQiJN3NBRPP5zgq7peikawUGQxNp5V87QFiE5HdVOcliKQ+C4YssFqIh+VLcV439KD8g+VU5PtDP4nbA+8unnBCz5mgBhN+cZa+CIS9aWpkXjviFcsePE8ykvKsAijmFUoi51+ZWsBP/plzUc6qd7X4AKi5OMPNB4yw5yLc5ywUPh5R1hGwr5aSO12BKZk0AzYw0Hoj4ZLwOQHWQsk/BqeJbdwRQvM/v9/J4YEZLkG93luu+riLfRjmq4dWfVgsAZC0OFnDBotV6UB+h7JJxKp/sngBkwY0nx156bZCCuzTiZme5H+gq4p+Uy3peEyhpVcFe32HTCwsHNC+Sy/dQTmo5RaS5K3vRq1zzsWuPPjexpP4LVlJsb58+c+ihYq4ixFASQzkJKyiJpQgAivL9frzy3iQF06LgV8qDYE5tje6MrAnrudtIsw6FiRTrmFIODQ2WuQpMoBhacdKdpFz2ogCA4B3eeVbcxdcGFtwgzqXkNeY0H90fAHhMyaXgMmhlIOE8cLirtDCQ8AeBT2Qa5Q8ZC1H0Ktdyxmkj7a5PNzMJlwpcvM59GECxkfYjlHxCOa13UyUeUR6GcRG/RbJtNPD1HppMSYson0x5EMqlc4Eb8q0rcoBWBgZ5HCW/Axelv+vJf6dYF8t41HpNeRfBCWC4kWSIVh6gWBfLOPidRPfj83PyIDmHyCzKUoBuRhKe8ucgjr02wd91YgU76GIkYeoXHPz2IHWbyk5fXZAWmEBpBKOtJExrK02+0OJ+fH6yYPZ8H2lDzSTrEAC/8xTrCq0koXcqWs718nCVAyqC7zkK3qsjSb/GQinoDADguSqplyjJ4xwpKxLCHlPwYX0p8jE56HZ8frIgomVvA1FChRtITqsBAIOKSGj8xkuCamQKIqJhd3OV4FQDrKQHwQTob6Tg/XYytlK/mZG63xMAPFaaMX26l5TwZNKTEiDOt1HwUQcZk8e0bHQ7Pj9Zkfh2eQ05S81TSD2gAwCv/RQ0b60hsJRfn4/kzLkKp2pVSCrsStLvoWH6dxVFmnefq0hPbwYA2mUmRDTtaiBj8v7TRtqqBAi9S8P078oLFGX9rUXodrzXWZD+Nq5HOZ0AIOhrLkpCqrEv2Nd9RUF8+U0dT4Ku+tyHSE/rKjpVpTckPB1MgNovaIiJ67tWDfD1C2s0/YwR6ZYlcgDtEiMSU9ZF6ShC+F9mJJr6AwD0zachPlvdsaK/b0B43/gUZHcTfY3IbHp5MvaH5XEXUpFxr54gDM6lIWacWT9j7PS1J94jY9YQEZxKd4xi21aGIAzMYUA0vXtw8+6LPGTe4QegXWZEesbh6S0rliwV3nltElLPF7NTr7QxIBa9Sbj54L0FpboJ/2/zmHgm1QGycnoBA8/UYXJwLmGchYR4Z4g3AIA4KZuF5/HSAOAVZ2FARMPbp89SipCe0wmI/juYeLsJUPZ96JC0ngIFVFNzHPC0qwjOE2QHJW7SsOj4qlXfLpwz9apDDpUFe++FmUxSTYsUJCixi1v2YbN7Aaj8Wy6/l31kwKjo/4yX9UhtoDrD80ql63ebFBOfxEC3OsCwMRjI8naXbLyKYjyBHvSTkU/ulP4WdwOqDocNfKwnG4LEGlsKuCTOKAbOEEox3H6ZbUEnvztIA4whs5/xefuVDlh1Y5/zSBws7+V+APRdtqdKM9+Z7A+Sdd0O5UhKXBEOrLqzpMKGEkSfKsPSSc5vTJgbBhIrLkowS8reGiWCxIh1yVIy42oC9EXyAbkbAVDXmnYgycBQ8GTLgBDg6tE05mq6lWJKPjypogjMqvnbiHGVGDSlW3wZd/VdEbqo8ddw4Fi8b9z9XJot5/aqJhqQLqs2+0yqhZKfsKaRCgCitmyz3z5ddCsAoC7TYsSSjZviN21cOrJZKQXw963Za9bqP+LjVk/rVEkLUgWZnCgTCPqqPb89mmhAR9pMhtyUV0/v37569vSBffv379+/78jZ8zcTnr5OLzAhIuZcXFBHIwlAFhw1eOGGTfGbNiwc3MAfeOur95qz7s/42B/GNw0WwF6Uk2WCOxA8RQayKJOBU4oyERytrzZg7fl3ZuRsynqdcGbXz8u+HNKlWZ2IciUDvfUeOrWKqNF5ePmXrFCjYefhczfuv51iTN/Xx08SWZSJ4HhRJoCbFoKrKKS4SW3FXivPp1qRZ8G7f47+tmh4uzplAzzkAjih0q9SqymbLu8b6MvlQy9UalfM3ciKt154NNmM0g3JV7ctG9qscoBaAKeX+Tf+amqE/KMDhEqjo+VuxLvW6M0PDCg5P/Hk+nEtK3jLwZV9q+o/PgACx88KF9yCZ3i/1ZfSUWrBi1PrRjcJ1YI7FD5GQN5iw5JIhWsJPtX7rTrzzoLsxjcXf5nYvIwOPnF9h+39o3uQq2hCm47/7VqaFZnNKTfiZ7StqBfgkzh49NHLazqVUjiX6BnWaMTKo8/ykdmambBrUfdqvjL4lPbtuiXxyc5pLcJ0zqDwCqvXa3bsuaQ8ZLblPN7/Xf/IQAV8gisjpp7KMLw6/dNXXeqU8dcoBEkypUdAWI3mfaeu3nU1KceCzNbsx4diBtcvroJPeF3k1EPvEG25r+6c2vHLDwunThw+bNiwYcMnTl3w3YbNBy7cfZFRYEOJptS7e74dULe4Gj4Dair1XXvxnRkZbTYb8rUa3t8/+uNXHSMClPA50aty+y/X7b/6/H2O0YoSrUV5GW+f3ji+ZdX0AU2rBmrgM6XSp0SV+q27DRo3efYC4rRJowd1a9u4ZvnivhoZ/L///xdiVlA4IK4GAACwJACdASo7AWQAPpE+mkglo6KhL5MaOLASCWpu4W6bwZf2mz0L+V6/ajfcvy2/LH5aK6/fP7L+wfXl1Ax4O47GV/vP477hPzv/sfz/+gD9QvOM/YD3Af1j/n+oD+bf4b9vvfH/y/qX/zHqAf1n/Hf/PsDvQN/dL04v3b+EH+v/8f93Pao///sAf//1AP//12/QD+AfgB+gH5+9/iGthdhQDMiRvUpmjbZHncdblI/n8CBYhRTwInv12Rhz8DvOcdKp1bwBTlZ/FEvIy9FqmZb0Cwq2MIG2RiJqMM5JeSts0Tk+3r6XreXK59tY5prAUBozoyrq/opF64sRN/pnL66Iwya8VOMySg52R0PD01PiFdCs061kV0CCJolDiSQo+Bm6SwuwoBmRI3qUzRtscAD+/v9UAPsSv4ayIMcYI6IfTXXo2lDjfmPnOFjQ0AA1JEB6tpnST4OOrmoZWYRfS6uVRMZRPETSJtU7zUT4C+CHe5vCZhsUk5zmktr1bFijqIyt0MekA2eyyaU4GFN3jLTr/F/Clk3hRDiKERppL818sbtX3Lf3x4gvNss4Kmss0QF/JKL6O9RRb/1m8dIWHmgK7dNdxgHkFxitDZl7qL8U0L2D6vzt3FLRe4g4biqeoBl7vryZFtFdkBef22diIeQgVLoPUW8Mq73MapHzkvicwvmW40ffsOzcrhc/VTg/HwCeR7IUJQOVwukn9CsVqfVuxfocyKGMqXQccHenvCzVP+mymIZnoXq2mbxcLkDkruuH+183+z2BsYyr9JkUlWn4Wv/oQSpJN0CxJrn2Zt09gf3qJTid12uPytnlTiKXD2t0++6r1WnTsX+XIreq1BQfRztwYQlryJOEAMJTEGZ1BXA+sKgH/UEoyIbVQk7tDV9NMNvqyjJBPfuQUIu99WsosbaWQNNxf1DHJCZBeR9jhl0tIHlCoRor7E03N4E+Vzxdud6p8pHwHBI1NfzkMuSeNcRBt8Fc1b14ditReCBCS3t9qyvkiG6p9lz6/r4Blv+JK1vh7QJb+FCaQmQzDvcsIgb18207ZErf0Xd+yrU022n8pLE6KgnFhAPtoptqsxfQY5mmLBU3MuPV/AEAc+5RywKt3/cD+/1Wd8T792Z1a8tB4vZigfO325QljHUugIYd9tQycwXspK4/K/VZkuPSGnMTVP5t64sNWH4dIfzVkS81cUIfA0bC4y5B+1QJg18uMmEJZ82sGDpuqYHsjcrjwmkyuuXFuT4wRpFR6Rmp7ui5+9arMT6Eq6g+X/tFrKYF5TRLAaTfGghMalGbK3b3zMzQuv5+375CzVMlEmRz6Zsva+9taR55E6AkeeWCplC+6gHHPMUur6jSPgzybbrwIZBnOPpEWUHAHfrSISmdU0WISJZFaJNhIVhOLwkv4QKJ1omlG/xUtcPYtGjrrEM5OLxE6dAFK8iYdgJ7QFyvIEwkrzyE93poRF/e+Xke3Y9OXDX2nRC/O7bJ3puFwL5XC1ykR030gSKVIG8w89ZF/5nIO8B3UonyQ3ygsfsJMpA2pBbGlYGmTp/D25FJyMpn1y0PUxSn9TeTJItbc07UUX1pGczoXgCqN2zellCK7yNnAgPxTI3TTeQXWaXym44GZzp1jXJ057UPIj280HX9vXak0NuDIAq4EwOUiYyT/H0vB5RD5tVzSUAVgUSmKPvrL0YydMbVf0XynxA+GhJ2KA2qHvdl9oBpIfi0Y9Nzf5mnxisSRA0/tWxgIdnXpenXfLhPVvBVW9afGlLmfSm4M7BQFeImt+RlIZ0YhaW+X3japlMljkFbyGgG+jf9Ep2CyurvwF3qRBhmOXD1DsNL4IkjIuEjdXFGqYtEYEVkn8TlgFTNUgfls7FdSRHzJbwZuO39zykAsf+IZtkoafwTarnRRcMACD8JXxG3SizrdQClqjAZs7UXa1DzpSJprhiXJbLoUDkF48uvn5DPfiz4ZVrRKLuPV6hoXuGsDM75eDIhmUJw/GAPVeMyQNmmZWrGvFh1zTzinNfU+oGabpgZ83Ut6HQTslTn70RLjAGwJry6tDyYp1knRfa1hTC41QcAQ5+ggIHeibkuAQayRqR1vybKooj/SUljnQ2LoFWbWBpWNSyhZxvl9T+45O1J84fSOH32QZDlRqkleMpruyHgZwsNQrnHovvrQ2l2d7ugwCkQB37mk+WPCuTbshNkDiaolKwKFmUN5lpWAPQSDgLAABPQkz2GlDu1cUPFVBKZWhSzGHJbzKASrKgG6lSkBR0egAAAAAAre0XsgAAAAAA="
"05","Changi Airport Group","Changi Airport Group",,,,,"UklGRrINAABXRUJQVlA4WAoAAAAQAAAAaAAAYwAAQUxQSOkHAAABoP///yE3Xtd7s/HFqW3rUNu2tXVq2zzf1TzVOJu17SY5peYjl6SXjbO77x/mOzPf70wiYgJg6ZIdxq3Zc/pOUvJLelNT7537ftuc7pWdKGDDuiz/4Snluo+/3f2VAsDh0FSffSSHanMOzyptn8LDtl1OIcmM5HRa0ntsVJgtOv+QR7W5EkimvV/Wck3OMOv0B6O79vg4zVjG1YMrXB3rFAsHgNDoSs2GzN1+3m2EzN9bwVLOFZ5bkyOAwm+l0eTZVpDpV8m1+6EembulqHVCT2QsBhA49yV1s7/ffFVDHiwlQVhl0Q0dMm2Sn0XC/s58DUCvfyjO/9kVAaDLDQ3d8wPlAKi65oWIvFDLEs4nnrpAqd8ofrSsBMT+szOoTagnCwhyXRIxa6IVvuMMYHAqhVf6OmG03GkNc6Y7ZAHocElAfhOlrD4fI+YQhac6wKz/Kg+1PxWWB0evOwImVlT1GyfUv0dtfDfI7PxSw6cN5AH+czM0TG6mpo4vY0Q2SabEOSG3+r8aZvVXAJT7ScPsLkq28LGPJL8oAulFrmroW+xQALgySDK3pwK/Z9Q+7QyVESc05G5/FahxmyRzu8qrS+13haE25ISAPwarQMhOksyoLyvwKsm8KZAaElOiYuVatWrVqlqpfOWrAv4aogJY6CP5vLycwJ9IelrApH8t19of47Mp93S4EgzKJhkfJsOxjyS90UYCmy87nkWlGXvjqipA8/9J7pHxNoVddEL7HUynJZ8eGFFIFpqkkxxlrr+PfEDyA0HzPZm0sOf0vPJy0DSdzKxsplo6eWwzycdOhExJoOV9ZybGykCzTPKow5j/ZfJC+DSS7LrgBe2Ze6ilBPTxkqOMrSD/jUVHzQna+M7EUFOYR6YUMlIrjy+rA2U1TLARmbwixgw+JtcZOUZfVwClH2mu2IpMfyfGRMAZ5pTT60OuBzAi7Q8NL9uLdL8TYQhlUrhHx3GDN4MR+TV5SvA402bks5EOI+jp81YU9aS3IaonkMz6T8NztiMvNzKCDfxAdJHb0CeT2t8FvGg/ejeFGQiKTw3VtGdKzBwvhf9mC7L+sR95r50emnpdmi+49EPqnxTw6YsCgL7NwTrYegRAVPbL/TSY5Bbw7rMCgIyvrRP5MBiIYx4N/yriX88KAma4ROgYAxynSfd9EeN/27N28bj+fdtpew2Km7nik1/upFmNXOsUAAjNMcMLuSLerQqZYfVHf/jHEyvx10idDjT+7NDUevN0mNJUhrjkkO0JluHtEqI1BrxnF7/mAOD4TofZY6Vpiwz6wm0N3q0k+FbkOz+jJHRj/9IhtwYqABDSc3eqFfi8liZRk7ajNgxXeKbHixWVAAjqf9inji+qA8gj/xkTDLO10/SYOV0RgGrv5CnjowoAbw92QmK7bD3yq6KqgCY+ZYwPRTEH5LZMN8C06X6qcEAdN0F+/RQD5Okaqirnq/PUkoc3ko0wZ0WQGnyijp8qQMUEI2RiazVlctWlqkD4T4bIH8urwC6RVwGVwH+TMWatDFVQ2yfg9157AL3TDJGPXQ5pOCJK6JQsy6sKVW4YI0++Ia2riI1LX5GUoQwhW3zG6NtfTpIjQbQZYYflPFQHtH9ojMzdUVgKJohSAhH0jZSLrS2AqL0myJSZQTJCUwTsBjh3yvju23oWALrcM0E+mh5kDltE+wD47ZWw+f3jlkDoijwT5IM4f1MNRWmBAAKOmJs0lj0tAbx61gz591A/E0gUsB0ARN421bIZ/wmxBtD9gRkyaXqIsUWiTRqUf26mcCFyrVUQ9lamGfL5omgjpb2CuwI0yjP2L3CP3mZWAUp+7DFDuteW0cMRASsKMNfYLmAHeTfMMkCNb31myPzvOvuJXKKJIsfvhuKAviS3WAiovcdrhuTjd0provMFX4tQMs1IeSDKQ9JlJaDuV15TZN6XXQKAU4JUPxEmGbgJAGdJZtSyFFBhQ6Ypkql7ui8SsLqO30W9NZqpJPl3pLWAwsufmiOZKhqjg8Y+nbqa2ByS/N5pMcDZ/bDPnO5nevhSdBPCrzTcYTkANdc+l5R/YExNp6CGVzBb1F3AxTYAArp/nSND6z69aWLr4jikyS4s8k8S+EbZAUDUyF/ypIizH2i+hG6cgPl97AEgZtTXblniznoBDwT0DLMLgKCOGxPlvYDB6SJ6XPbRlnTt/lfOCCOhD0X0uGylrS/jCQwP0KFvhd0c/2kyKrzWbsCkxR/s/OaP4ztLGcNvOuSnAfbCLxoWhfzqeXo8HGmv1YImCrDaAG9VtNVIwTAV/mcN8P+BdmoqWKYCpVMNkDsC7VNUsFUJBhnixfK2QbrmgBqsM0T3ZIddrml+VeT3tSHyTFWbfKE5rwihF4wxc7rTFm9rElWhyF/GyJtt7DBN80wZit4yQR6uYb0hmhx1KHzdDHM/KGy19ho61CH6ghky48Pi1npNk2kFBO80RebuKG2lqiSz+sOasz2myNyDLa1TinxQH1Ztn2yOZPy0KIvE8PfCsG7Rr2WQmft6hVjBr40Dlu6fLINk1o+uMGXWL7bTK4Vk5uHFTQIKFKDub5K0Gb8t7VXRr+AA2p+VJnRf/Hi+q13NmAIBqL8/T4F+dkpSUtL1U7E2A0qsSFRG0ndqXBQKwtqrEtR4Li8ph4KzzNCtt71SvDfX94hCgRvVYPDS3WeuJb1w8+WTv68c3bWwb51gWBgAVlA4IKIFAACwHwCdASppAGQAPpE8mkmloz+hKnMMG/ASCWwAznIm/qvV3Ut8V+TvtU1N+r/gfnITSdzuOb15/mz/de4L+mvSp8wH80/t37Ze9z6LvQA/tXUDegB5ZP7sfBZ+6XpH///NSfwz7i1ql6VAmK8x5IfLqQHm2WPc589kqy7L9hPD8+B9yjB98Y0rjaE5nKzRr4M2PrfFpOuzptH82TjVgDWi7HCJ0mK8lgWV7Q/z9l7ssuwcooBeaoilKzs0HjJ9v3m0uJamFFWV2w4bFXSXXxSD9EfFDdqa8UA9zla03FrTabQTf7imlH6b7935fRJFGHtYPLS2UqNNNTRSKtTYzcB5qcBYt7BAAP7Z+z/8xakhXte5YFSGbi2thKDPRpypN0AC54fpZugHM87YCfKfjwSNG4sfwC8FSGaLPjT5KYKaRRJT7XXik7nL+DBATPAYfH62nQZiBqO128KwdLpxLLdhP/aVCx4bFnsuJAtTsSVHlIfIwL32Ri/V1IuR7yk+dCVDiBCuizRyHffimOt+2UhGFLdn5FdisyM1HCvSUOhZ/omcp6JPVTeN41rZxXWL4iK4EvTp3i5sLdBeC4pQ+owazxXdrPCdBIB7ta6HS89whDWZZOhwTV/I/L7pmIEEJdyDDr+I+dpNkKzsSGp5SLCOrW7Jf2LfpIAh0uqgZm4hrS1dLFaFeJLtsEPYEOJ5w592TDb5Hd6wXsMgb5qfxSAPGdLowJlFY/nuP5ihCmHiaEcutDgCaq4xg/rbShzkfGAZIHeQsCEKwtTWIIGnwv+2gCOGN013W85v1Dv2OP7OR1xxZnh3FGjbfFXrWs5C4Lk+AGLlHG9k5TwUr+e9G/94s+YpmQkb+cYJbidav1aGzW94dMaR6OLjY940kYTHn1ipAIKPwPd+R/ObBSZ5YwlgtOpep6silh4VjIyi0nMMmCt+uyOYm64QIxc8zO5MXqiYEZWgI0PCpN1pxiC6CeUxDvB/EOxsijiCmRiwOk0P7/Q3U8m3dlsBy8ItlnCqtrRz5KTOK+LBcdq7sdO/GwJmn24gq3v378O5s0IedvjwI7n4kLqJz0cSJk0LQjAngpcEykdEctL/XqTWJ0ZcRpauPA7LAKh0/GfQFVy4INDGgGQjrF6IymO3B4cPU0EtBBiqrFZ+vkLEP9DPslweBKt4mOjnxfFbzSTc35n1U8Jsw7+wxSMOQRg4v2ve/QLCy72fu6JEV0RFzuhqaWva0Dhm+ws6q9R2lRzaP3Pv/+Tnp+xaUjWhHtOLKHq00IZOx9Myfi2AeAVsWHCSF71C/74++xX5O/3zmRlyp0UQhInGXHxEQtWyCsbwD5r7Euh2bFKrC2QPlGw1b2ZK3NuSA+wLGNTMEOwPqcEqYpi7tYLCo99QH4qNZp2uGvXOOkm8wy3Xj0Ql0j8Vob2JD/t5lDJgCrqYPeSOzNHDZq8uM54CGaKwYJRmdDH/+dWK6NM/IO9tbtMLoonwqKeOf+8SyHovGKtFrYANPy7iY5tZqyKTWUgudQYVww/iSPQJPyzVVd8OIDKmrqDFGzkOAGaEywJoKImNWUFDHyOSbiiaNbgTulvYX5eIFeuBY0L/+od8sIfZYn6T2QtqvCNKqutScJ6G3de8P+epTnjWXdq47EuSaa96YUAeMtvVVPzMNznTzgCwW70MiouFh6PPbivg9leZcs9QOOgkITh1OrPQxV9586PVcixVOOEeujW49QPWZP+6Fv//JEfMFpS417wxKj1iRN+AlxjPlt3/FL7R5LWeJ+NX2W8IYTNl7p8mCDK1eAj57CfoA36yWIIgC0AtTHYG/5J1H9AIEWkdQP+90N/p/ziznyb5c9FP7f8lkRXRA5o/41YdTjaR4C/lnnz/o93ectje+s66NKf+v+vY3efg9cOM2Vn5h1TupyXu//5/0AAAAA=="
